1505.07434
1311.4733
1409.8098
1609.05116
1201.2416
1609.03478
1504.07940
1311.4799
1412.5657
1506.03371
1404.3606
1506.04333
1611.03533
1510.08953
1703.04080
1703.02810
1611.07800
1509.03302
1112.0210
1610.00913
1103.5163
1311.0119
1605.01483
1103.1003
1611.05101
1304.4613
1612.06257
1603.09509
1606.03966
1210.5484
1005.5449
1309.0659
1703.01585
1011.2989
0912.5276
1611.00712
1003.5447
1112.3366
1307.4264
1003.5212
1108.3430
1609.02781
1506.05231
1511.08678
1403.1732
1607.05122
1609.08264
1108.2098
0710.5674
1310.4362
